2021/11/07-15:49:29.020686 10f297e00 RocksDB version: 6.17.3
2021/11/07-15:49:29.020720 10f297e00 Git sha rocksdb_build_git_sha:@09c7e96eac1ab983f97ce9e0406730b8014b3398@
2021/11/07-15:49:29.020723 10f297e00 Compile date Oct 27 2021
2021/11/07-15:49:29.020741 10f297e00 DB SUMMARY
2021/11/07-15:49:29.020743 10f297e00 DB Session ID:  OQOOL01KUZV74SWJ6HN5
2021/11/07-15:49:29.020782 10f297e00 CURRENT file:  CURRENT
2021/11/07-15:49:29.020784 10f297e00 IDENTITY file:  IDENTITY
2021/11/07-15:49:29.020788 10f297e00 MANIFEST file:  MANIFEST-000003 size: 1376 Bytes
2021/11/07-15:49:29.020790 10f297e00 SST files in test-ledger/rocksdb dir, Total Num: 0, files: 
2021/11/07-15:49:29.020791 10f297e00 Write Ahead Log file in test-ledger/rocksdb: 000004.log size: 3918 ; 
2021/11/07-15:49:29.020793 10f297e00                         Options.error_if_exists: 0
2021/11/07-15:49:29.020796 10f297e00                       Options.create_if_missing: 1
2021/11/07-15:49:29.020797 10f297e00                         Options.paranoid_checks: 1
2021/11/07-15:49:29.020798 10f297e00                               Options.track_and_verify_wals_in_manifest: 0
2021/11/07-15:49:29.020800 10f297e00                                     Options.env: 0x10ce83108
2021/11/07-15:49:29.020801 10f297e00                                      Options.fs: Posix File System
2021/11/07-15:49:29.020803 10f297e00                                Options.info_log: 0x7f8823c24270
2021/11/07-15:49:29.020804 10f297e00                Options.max_file_opening_threads: 16
2021/11/07-15:49:29.020805 10f297e00                              Options.statistics: 0x0
2021/11/07-15:49:29.020806 10f297e00                               Options.use_fsync: 0
2021/11/07-15:49:29.020806 10f297e00                       Options.max_log_file_size: 0
2021/11/07-15:49:29.020807 10f297e00                  Options.max_manifest_file_size: 1073741824
2021/11/07-15:49:29.020808 10f297e00                   Options.log_file_time_to_roll: 0
2021/11/07-15:49:29.020809 10f297e00                       Options.keep_log_file_num: 1000
2021/11/07-15:49:29.020810 10f297e00                    Options.recycle_log_file_num: 0
2021/11/07-15:49:29.020811 10f297e00                         Options.allow_fallocate: 1
2021/11/07-15:49:29.020812 10f297e00                        Options.allow_mmap_reads: 0
2021/11/07-15:49:29.020812 10f297e00                       Options.allow_mmap_writes: 0
2021/11/07-15:49:29.020813 10f297e00                        Options.use_direct_reads: 0
2021/11/07-15:49:29.020814 10f297e00                        Options.use_direct_io_for_flush_and_compaction: 0
2021/11/07-15:49:29.020815 10f297e00          Options.create_missing_column_families: 1
2021/11/07-15:49:29.020816 10f297e00                              Options.db_log_dir: 
2021/11/07-15:49:29.020817 10f297e00                                 Options.wal_dir: test-ledger/rocksdb
2021/11/07-15:49:29.020817 10f297e00                Options.table_cache_numshardbits: 6
2021/11/07-15:49:29.020818 10f297e00                         Options.WAL_ttl_seconds: 0
2021/11/07-15:49:29.020819 10f297e00                       Options.WAL_size_limit_MB: 0
2021/11/07-15:49:29.020820 10f297e00                        Options.max_write_batch_group_size_bytes: 1048576
2021/11/07-15:49:29.020821 10f297e00             Options.manifest_preallocation_size: 4194304
2021/11/07-15:49:29.020822 10f297e00                     Options.is_fd_close_on_exec: 1
2021/11/07-15:49:29.020823 10f297e00                   Options.advise_random_on_open: 1
2021/11/07-15:49:29.020823 10f297e00                    Options.db_write_buffer_size: 0
2021/11/07-15:49:29.020824 10f297e00                    Options.write_buffer_manager: 0x7f8823c241c0
2021/11/07-15:49:29.020825 10f297e00         Options.access_hint_on_compaction_start: 1
2021/11/07-15:49:29.020826 10f297e00  Options.new_table_reader_for_compaction_inputs: 0
2021/11/07-15:49:29.020827 10f297e00           Options.random_access_max_buffer_size: 1048576
2021/11/07-15:49:29.020828 10f297e00                      Options.use_adaptive_mutex: 0
2021/11/07-15:49:29.020828 10f297e00                            Options.rate_limiter: 0x0
2021/11/07-15:49:29.020867 10f297e00     Options.sst_file_manager.rate_bytes_per_sec: 0
2021/11/07-15:49:29.020871 10f297e00                       Options.wal_recovery_mode: 2
2021/11/07-15:49:29.020873 10f297e00                  Options.enable_thread_tracking: 0
2021/11/07-15:49:29.020873 10f297e00                  Options.enable_pipelined_write: 0
2021/11/07-15:49:29.020876 10f297e00                  Options.unordered_write: 0
2021/11/07-15:49:29.020877 10f297e00         Options.allow_concurrent_memtable_write: 1
2021/11/07-15:49:29.020878 10f297e00      Options.enable_write_thread_adaptive_yield: 1
2021/11/07-15:49:29.020878 10f297e00             Options.write_thread_max_yield_usec: 100
2021/11/07-15:49:29.020879 10f297e00            Options.write_thread_slow_yield_usec: 3
2021/11/07-15:49:29.020880 10f297e00                               Options.row_cache: None
2021/11/07-15:49:29.020881 10f297e00                              Options.wal_filter: None
2021/11/07-15:49:29.020882 10f297e00             Options.avoid_flush_during_recovery: 0
2021/11/07-15:49:29.020884 10f297e00             Options.allow_ingest_behind: 0
2021/11/07-15:49:29.020885 10f297e00             Options.preserve_deletes: 0
2021/11/07-15:49:29.020886 10f297e00             Options.two_write_queues: 0
2021/11/07-15:49:29.020886 10f297e00             Options.manual_wal_flush: 0
2021/11/07-15:49:29.020887 10f297e00             Options.atomic_flush: 0
2021/11/07-15:49:29.020888 10f297e00             Options.avoid_unnecessary_blocking_io: 0
2021/11/07-15:49:29.020889 10f297e00                 Options.persist_stats_to_disk: 0
2021/11/07-15:49:29.020890 10f297e00                 Options.write_dbid_to_manifest: 0
2021/11/07-15:49:29.020891 10f297e00                 Options.log_readahead_size: 0
2021/11/07-15:49:29.020892 10f297e00                 Options.file_checksum_gen_factory: Unknown
2021/11/07-15:49:29.020893 10f297e00                 Options.best_efforts_recovery: 0
2021/11/07-15:49:29.020893 10f297e00                Options.max_bgerror_resume_count: 2147483647
2021/11/07-15:49:29.020894 10f297e00            Options.bgerror_resume_retry_interval: 1000000
2021/11/07-15:49:29.020895 10f297e00             Options.allow_data_in_errors: 0
2021/11/07-15:49:29.020896 10f297e00             Options.db_host_id: __hostname__
2021/11/07-15:49:29.020897 10f297e00             Options.max_background_jobs: 16
2021/11/07-15:49:29.020898 10f297e00             Options.max_background_compactions: -1
2021/11/07-15:49:29.020899 10f297e00             Options.max_subcompactions: 1
2021/11/07-15:49:29.020900 10f297e00             Options.avoid_flush_during_shutdown: 0
2021/11/07-15:49:29.020901 10f297e00           Options.writable_file_max_buffer_size: 1048576
2021/11/07-15:49:29.020902 10f297e00             Options.delayed_write_rate : 16777216
2021/11/07-15:49:29.020902 10f297e00             Options.max_total_wal_size: 4294967296
2021/11/07-15:49:29.020903 10f297e00             Options.delete_obsolete_files_period_micros: 21600000000
2021/11/07-15:49:29.020904 10f297e00                   Options.stats_dump_period_sec: 600
2021/11/07-15:49:29.020905 10f297e00                 Options.stats_persist_period_sec: 600
2021/11/07-15:49:29.020906 10f297e00                 Options.stats_history_buffer_size: 1048576
2021/11/07-15:49:29.020907 10f297e00                          Options.max_open_files: -1
2021/11/07-15:49:29.020908 10f297e00                          Options.bytes_per_sync: 0
2021/11/07-15:49:29.020909 10f297e00                      Options.wal_bytes_per_sync: 0
2021/11/07-15:49:29.020910 10f297e00                   Options.strict_bytes_per_sync: 0
2021/11/07-15:49:29.020911 10f297e00       Options.compaction_readahead_size: 0
2021/11/07-15:49:29.020911 10f297e00                  Options.max_background_flushes: -1
2021/11/07-15:49:29.020912 10f297e00 Compression algorithms supported:
2021/11/07-15:49:29.020914 10f297e00 	kZSTD supported: 0
2021/11/07-15:49:29.020915 10f297e00 	kZlibCompression supported: 0
2021/11/07-15:49:29.020916 10f297e00 	kXpressCompression supported: 0
2021/11/07-15:49:29.020935 10f297e00 	kSnappyCompression supported: 0
2021/11/07-15:49:29.020937 10f297e00 	kZSTDNotFinalCompression supported: 0
2021/11/07-15:49:29.020938 10f297e00 	kLZ4HCCompression supported: 1
2021/11/07-15:49:29.020939 10f297e00 	kLZ4Compression supported: 1
2021/11/07-15:49:29.020939 10f297e00 	kBZip2Compression supported: 0
2021/11/07-15:49:29.020941 10f297e00 Fast CRC32 supported: Supported on x86
2021/11/07-15:49:29.021042 10f297e00 [db/version_set.cc:4757] Recovering from manifest file: test-ledger/rocksdb/MANIFEST-000003
2021/11/07-15:49:29.021079 10f297e00 [db/column_family.cc:597] --------------- Options for column family [default]:
2021/11/07-15:49:29.021081 10f297e00               Options.comparator: leveldb.BytewiseComparator
2021/11/07-15:49:29.021082 10f297e00           Options.merge_operator: None
2021/11/07-15:49:29.021083 10f297e00        Options.compaction_filter: None
2021/11/07-15:49:29.021084 10f297e00        Options.compaction_filter_factory: None
2021/11/07-15:49:29.021085 10f297e00  Options.sst_partitioner_factory: None
2021/11/07-15:49:29.021086 10f297e00         Options.memtable_factory: SkipListFactory
2021/11/07-15:49:29.021087 10f297e00            Options.table_factory: BlockBasedTable
2021/11/07-15:49:29.021100 10f297e00            table_factory options:   flush_block_policy_factory: FlushBlockBySizePolicyFactory (0x7f8823c0e6b0)
  cache_index_and_filter_blocks: 0
  cache_index_and_filter_blocks_with_high_priority: 1
  pin_l0_filter_and_index_blocks_in_cache: 0
  pin_top_level_index_and_filter: 1
  index_type: 0
  data_block_index_type: 0
  index_shortening: 1
  data_block_hash_table_util_ratio: 0.750000
  hash_index_allow_collision: 1
  checksum: 1
  no_block_cache: 0
  block_cache: 0x7f8823c231b8
  block_cache_name: LRUCache
  block_cache_options:
    capacity : 8388608
    num_shard_bits : 4
    strict_capacity_limit : 0
    memory_allocator : None
    high_pri_pool_ratio: 0.000
  block_cache_compressed: 0x0
  persistent_cache: 0x0
  block_size: 4096
  block_size_deviation: 10
  block_restart_interval: 16
  index_block_restart_interval: 1
  metadata_block_size: 4096
  partition_filters: 0
  use_delta_encoding: 1
  filter_policy: nullptr
  whole_key_filtering: 1
  verify_compression: 0
  read_amp_bytes_per_bit: 0
  format_version: 4
  enable_index_compression: 1
  block_align: 0
2021/11/07-15:49:29.021102 10f297e00        Options.write_buffer_size: 67108864
2021/11/07-15:49:29.021103 10f297e00  Options.max_write_buffer_number: 2
2021/11/07-15:49:29.021104 10f297e00          Options.compression: NoCompression
2021/11/07-15:49:29.021105 10f297e00                  Options.bottommost_compression: Disabled
2021/11/07-15:49:29.021106 10f297e00       Options.prefix_extractor: nullptr
2021/11/07-15:49:29.021107 10f297e00   Options.memtable_insert_with_hint_prefix_extractor: nullptr
2021/11/07-15:49:29.021107 10f297e00             Options.num_levels: 7
2021/11/07-15:49:29.021108 10f297e00        Options.min_write_buffer_number_to_merge: 1
2021/11/07-15:49:29.021109 10f297e00     Options.max_write_buffer_number_to_maintain: 0
2021/11/07-15:49:29.021110 10f297e00     Options.max_write_buffer_size_to_maintain: 0
2021/11/07-15:49:29.021111 10f297e00            Options.bottommost_compression_opts.window_bits: -14
2021/11/07-15:49:29.021112 10f297e00                  Options.bottommost_compression_opts.level: 32767
2021/11/07-15:49:29.021113 10f297e00               Options.bottommost_compression_opts.strategy: 0
2021/11/07-15:49:29.021114 10f297e00         Options.bottommost_compression_opts.max_dict_bytes: 0
2021/11/07-15:49:29.021114 10f297e00         Options.bottommost_compression_opts.zstd_max_train_bytes: 0
2021/11/07-15:49:29.021115 10f297e00         Options.bottommost_compression_opts.parallel_threads: 1
2021/11/07-15:49:29.021116 10f297e00                  Options.bottommost_compression_opts.enabled: false
2021/11/07-15:49:29.021117 10f297e00            Options.compression_opts.window_bits: -14
2021/11/07-15:49:29.021118 10f297e00                  Options.compression_opts.level: 32767
2021/11/07-15:49:29.021135 10f297e00               Options.compression_opts.strategy: 0
2021/11/07-15:49:29.021137 10f297e00         Options.compression_opts.max_dict_bytes: 0
2021/11/07-15:49:29.021137 10f297e00         Options.compression_opts.zstd_max_train_bytes: 0
2021/11/07-15:49:29.021138 10f297e00         Options.compression_opts.parallel_threads: 1
2021/11/07-15:49:29.021139 10f297e00                  Options.compression_opts.enabled: false
2021/11/07-15:49:29.021140 10f297e00      Options.level0_file_num_compaction_trigger: 4
2021/11/07-15:49:29.021141 10f297e00          Options.level0_slowdown_writes_trigger: 20
2021/11/07-15:49:29.021142 10f297e00              Options.level0_stop_writes_trigger: 36
2021/11/07-15:49:29.021143 10f297e00                   Options.target_file_size_base: 67108864
2021/11/07-15:49:29.021143 10f297e00             Options.target_file_size_multiplier: 1
2021/11/07-15:49:29.021144 10f297e00                Options.max_bytes_for_level_base: 268435456
2021/11/07-15:49:29.021145 10f297e00 Options.level_compaction_dynamic_level_bytes: 0
2021/11/07-15:49:29.021146 10f297e00          Options.max_bytes_for_level_multiplier: 10.000000
2021/11/07-15:49:29.021147 10f297e00 Options.max_bytes_for_level_multiplier_addtl[0]: 1
2021/11/07-15:49:29.021148 10f297e00 Options.max_bytes_for_level_multiplier_addtl[1]: 1
2021/11/07-15:49:29.021149 10f297e00 Options.max_bytes_for_level_multiplier_addtl[2]: 1
2021/11/07-15:49:29.021150 10f297e00 Options.max_bytes_for_level_multiplier_addtl[3]: 1
2021/11/07-15:49:29.021151 10f297e00 Options.max_bytes_for_level_multiplier_addtl[4]: 1
2021/11/07-15:49:29.021152 10f297e00 Options.max_bytes_for_level_multiplier_addtl[5]: 1
2021/11/07-15:49:29.021153 10f297e00 Options.max_bytes_for_level_multiplier_addtl[6]: 1
2021/11/07-15:49:29.021153 10f297e00       Options.max_sequential_skip_in_iterations: 8
2021/11/07-15:49:29.021154 10f297e00                    Options.max_compaction_bytes: 1677721600
2021/11/07-15:49:29.021155 10f297e00                        Options.arena_block_size: 8388608
2021/11/07-15:49:29.021156 10f297e00   Options.soft_pending_compaction_bytes_limit: 68719476736
2021/11/07-15:49:29.021157 10f297e00   Options.hard_pending_compaction_bytes_limit: 274877906944
2021/11/07-15:49:29.021158 10f297e00       Options.rate_limit_delay_max_milliseconds: 100
2021/11/07-15:49:29.021159 10f297e00                Options.disable_auto_compactions: 0
2021/11/07-15:49:29.021160 10f297e00                        Options.compaction_style: kCompactionStyleLevel
2021/11/07-15:49:29.021161 10f297e00                          Options.compaction_pri: kMinOverlappingRatio
2021/11/07-15:49:29.021162 10f297e00 Options.compaction_options_universal.size_ratio: 1
2021/11/07-15:49:29.021163 10f297e00 Options.compaction_options_universal.min_merge_width: 2
2021/11/07-15:49:29.021164 10f297e00 Options.compaction_options_universal.max_merge_width: 4294967295
2021/11/07-15:49:29.021164 10f297e00 Options.compaction_options_universal.max_size_amplification_percent: 200
2021/11/07-15:49:29.021165 10f297e00 Options.compaction_options_universal.compression_size_percent: -1
2021/11/07-15:49:29.021167 10f297e00 Options.compaction_options_universal.stop_style: kCompactionStopStyleTotalSize
2021/11/07-15:49:29.021168 10f297e00 Options.compaction_options_fifo.max_table_files_size: 1073741824
2021/11/07-15:49:29.021168 10f297e00 Options.compaction_options_fifo.allow_compaction: 0
2021/11/07-15:49:29.021171 10f297e00                   Options.table_properties_collectors: 
2021/11/07-15:49:29.021171 10f297e00                   Options.inplace_update_support: 0
2021/11/07-15:49:29.021172 10f297e00                 Options.inplace_update_num_locks: 10000
2021/11/07-15:49:29.021173 10f297e00               Options.memtable_prefix_bloom_size_ratio: 0.000000
2021/11/07-15:49:29.021174 10f297e00               Options.memtable_whole_key_filtering: 0
2021/11/07-15:49:29.021175 10f297e00   Options.memtable_huge_page_size: 0
2021/11/07-15:49:29.021176 10f297e00                           Options.bloom_locality: 0
2021/11/07-15:49:29.021188 10f297e00                    Options.max_successive_merges: 0
2021/11/07-15:49:29.021189 10f297e00                Options.optimize_filters_for_hits: 0
2021/11/07-15:49:29.021190 10f297e00                Options.paranoid_file_checks: 0
2021/11/07-15:49:29.021191 10f297e00                Options.force_consistency_checks: 1
2021/11/07-15:49:29.021191 10f297e00                Options.report_bg_io_stats: 0
2021/11/07-15:49:29.021192 10f297e00                               Options.ttl: 2592000
2021/11/07-15:49:29.021193 10f297e00          Options.periodic_compaction_seconds: 0
2021/11/07-15:49:29.021194 10f297e00                    Options.enable_blob_files: false
2021/11/07-15:49:29.021195 10f297e00                        Options.min_blob_size: 0
2021/11/07-15:49:29.021196 10f297e00                       Options.blob_file_size: 268435456
2021/11/07-15:49:29.021197 10f297e00                Options.blob_compression_type: NoCompression
2021/11/07-15:49:29.021197 10f297e00       Options.enable_blob_garbage_collection: false
2021/11/07-15:49:29.021198 10f297e00   Options.blob_garbage_collection_age_cutoff: 0.250000
2021/11/07-15:49:29.021235 10f297e00 [db/column_family.cc:597] --------------- Options for column family [meta]:
2021/11/07-15:49:29.021237 10f297e00               Options.comparator: leveldb.BytewiseComparator
2021/11/07-15:49:29.021238 10f297e00           Options.merge_operator: None
2021/11/07-15:49:29.021239 10f297e00        Options.compaction_filter: None
2021/11/07-15:49:29.021240 10f297e00        Options.compaction_filter_factory: purged_slot_filter_factory(meta)
2021/11/07-15:49:29.021241 10f297e00  Options.sst_partitioner_factory: None
2021/11/07-15:49:29.021242 10f297e00         Options.memtable_factory: SkipListFactory
2021/11/07-15:49:29.021243 10f297e00            Options.table_factory: BlockBasedTable
2021/11/07-15:49:29.021260 10f297e00            table_factory options:   flush_block_policy_factory: FlushBlockBySizePolicyFactory (0x7f8823c11670)
  cache_index_and_filter_blocks: 0
  cache_index_and_filter_blocks_with_high_priority: 1
  pin_l0_filter_and_index_blocks_in_cache: 0
  pin_top_level_index_and_filter: 1
  index_type: 0
  data_block_index_type: 0
  index_shortening: 1
  data_block_hash_table_util_ratio: 0.750000
  hash_index_allow_collision: 1
  checksum: 1
  no_block_cache: 0
  block_cache: 0x7f8823c116b8
  block_cache_name: LRUCache
  block_cache_options:
    capacity : 8388608
    num_shard_bits : 4
    strict_capacity_limit : 0
    memory_allocator : None
    high_pri_pool_ratio: 0.000
  block_cache_compressed: 0x0
  persistent_cache: 0x0
  block_size: 4096
  block_size_deviation: 10
  block_restart_interval: 16
  index_block_restart_interval: 1
  metadata_block_size: 4096
  partition_filters: 0
  use_delta_encoding: 1
  filter_policy: nullptr
  whole_key_filtering: 1
  verify_compression: 0
  read_amp_bytes_per_bit: 0
  format_version: 4
  enable_index_compression: 1
  block_align: 0
2021/11/07-15:49:29.021261 10f297e00        Options.write_buffer_size: 268435456
2021/11/07-15:49:29.021262 10f297e00  Options.max_write_buffer_number: 8
2021/11/07-15:49:29.021263 10f297e00          Options.compression: NoCompression
2021/11/07-15:49:29.021264 10f297e00                  Options.bottommost_compression: Disabled
2021/11/07-15:49:29.021265 10f297e00       Options.prefix_extractor: nullptr
2021/11/07-15:49:29.021266 10f297e00   Options.memtable_insert_with_hint_prefix_extractor: nullptr
2021/11/07-15:49:29.021267 10f297e00             Options.num_levels: 7
2021/11/07-15:49:29.021268 10f297e00        Options.min_write_buffer_number_to_merge: 1
2021/11/07-15:49:29.021268 10f297e00     Options.max_write_buffer_number_to_maintain: 0
2021/11/07-15:49:29.021269 10f297e00     Options.max_write_buffer_size_to_maintain: 0
2021/11/07-15:49:29.021270 10f297e00            Options.bottommost_compression_opts.window_bits: -14
2021/11/07-15:49:29.021271 10f297e00                  Options.bottommost_compression_opts.level: 32767
2021/11/07-15:49:29.021272 10f297e00               Options.bottommost_compression_opts.strategy: 0
2021/11/07-15:49:29.021287 10f297e00         Options.bottommost_compression_opts.max_dict_bytes: 0
2021/11/07-15:49:29.021289 10f297e00         Options.bottommost_compression_opts.zstd_max_train_bytes: 0
2021/11/07-15:49:29.021290 10f297e00         Options.bottommost_compression_opts.parallel_threads: 1
2021/11/07-15:49:29.021290 10f297e00                  Options.bottommost_compression_opts.enabled: false
2021/11/07-15:49:29.021291 10f297e00            Options.compression_opts.window_bits: -14
2021/11/07-15:49:29.021292 10f297e00                  Options.compression_opts.level: 32767
2021/11/07-15:49:29.021293 10f297e00               Options.compression_opts.strategy: 0
2021/11/07-15:49:29.021294 10f297e00         Options.compression_opts.max_dict_bytes: 0
2021/11/07-15:49:29.021295 10f297e00         Options.compression_opts.zstd_max_train_bytes: 0
2021/11/07-15:49:29.021296 10f297e00         Options.compression_opts.parallel_threads: 1
2021/11/07-15:49:29.021296 10f297e00                  Options.compression_opts.enabled: false
2021/11/07-15:49:29.021297 10f297e00      Options.level0_file_num_compaction_trigger: 4
2021/11/07-15:49:29.021298 10f297e00          Options.level0_slowdown_writes_trigger: 20
2021/11/07-15:49:29.021299 10f297e00              Options.level0_stop_writes_trigger: 36
2021/11/07-15:49:29.021300 10f297e00                   Options.target_file_size_base: 107374182
2021/11/07-15:49:29.021301 10f297e00             Options.target_file_size_multiplier: 1
2021/11/07-15:49:29.021302 10f297e00                Options.max_bytes_for_level_base: 1073741824
2021/11/07-15:49:29.021302 10f297e00 Options.level_compaction_dynamic_level_bytes: 0
2021/11/07-15:49:29.021303 10f297e00          Options.max_bytes_for_level_multiplier: 10.000000
2021/11/07-15:49:29.021304 10f297e00 Options.max_bytes_for_level_multiplier_addtl[0]: 1
2021/11/07-15:49:29.021305 10f297e00 Options.max_bytes_for_level_multiplier_addtl[1]: 1
2021/11/07-15:49:29.021306 10f297e00 Options.max_bytes_for_level_multiplier_addtl[2]: 1
2021/11/07-15:49:29.021307 10f297e00 Options.max_bytes_for_level_multiplier_addtl[3]: 1
2021/11/07-15:49:29.021308 10f297e00 Options.max_bytes_for_level_multiplier_addtl[4]: 1
2021/11/07-15:49:29.021309 10f297e00 Options.max_bytes_for_level_multiplier_addtl[5]: 1
2021/11/07-15:49:29.021310 10f297e00 Options.max_bytes_for_level_multiplier_addtl[6]: 1
2021/11/07-15:49:29.021310 10f297e00       Options.max_sequential_skip_in_iterations: 8
2021/11/07-15:49:29.021311 10f297e00                    Options.max_compaction_bytes: 2684354550
2021/11/07-15:49:29.021312 10f297e00                        Options.arena_block_size: 33554432
2021/11/07-15:49:29.021313 10f297e00   Options.soft_pending_compaction_bytes_limit: 68719476736
2021/11/07-15:49:29.021314 10f297e00   Options.hard_pending_compaction_bytes_limit: 274877906944
2021/11/07-15:49:29.021315 10f297e00       Options.rate_limit_delay_max_milliseconds: 100
2021/11/07-15:49:29.021316 10f297e00                Options.disable_auto_compactions: 0
2021/11/07-15:49:29.021317 10f297e00                        Options.compaction_style: kCompactionStyleLevel
2021/11/07-15:49:29.021317 10f297e00                          Options.compaction_pri: kMinOverlappingRatio
2021/11/07-15:49:29.021318 10f297e00 Options.compaction_options_universal.size_ratio: 1
2021/11/07-15:49:29.021319 10f297e00 Options.compaction_options_universal.min_merge_width: 2
2021/11/07-15:49:29.021320 10f297e00 Options.compaction_options_universal.max_merge_width: 4294967295
2021/11/07-15:49:29.021321 10f297e00 Options.compaction_options_universal.max_size_amplification_percent: 200
2021/11/07-15:49:29.021322 10f297e00 Options.compaction_options_universal.compression_size_percent: -1
2021/11/07-15:49:29.021323 10f297e00 Options.compaction_options_universal.stop_style: kCompactionStopStyleTotalSize
2021/11/07-15:49:29.021324 10f297e00 Options.compaction_options_fifo.max_table_files_size: 1073741824
2021/11/07-15:49:29.021325 10f297e00 Options.compaction_options_fifo.allow_compaction: 0
2021/11/07-15:49:29.021337 10f297e00                   Options.table_properties_collectors: 
2021/11/07-15:49:29.021338 10f297e00                   Options.inplace_update_support: 0
2021/11/07-15:49:29.021339 10f297e00                 Options.inplace_update_num_locks: 10000
2021/11/07-15:49:29.021340 10f297e00               Options.memtable_prefix_bloom_size_ratio: 0.000000
2021/11/07-15:49:29.021341 10f297e00               Options.memtable_whole_key_filtering: 0
2021/11/07-15:49:29.021342 10f297e00   Options.memtable_huge_page_size: 0
2021/11/07-15:49:29.021342 10f297e00                           Options.bloom_locality: 0
2021/11/07-15:49:29.021343 10f297e00                    Options.max_successive_merges: 0
2021/11/07-15:49:29.021344 10f297e00                Options.optimize_filters_for_hits: 0
2021/11/07-15:49:29.021345 10f297e00                Options.paranoid_file_checks: 0
2021/11/07-15:49:29.021346 10f297e00                Options.force_consistency_checks: 1
2021/11/07-15:49:29.021347 10f297e00                Options.report_bg_io_stats: 0
2021/11/07-15:49:29.021347 10f297e00                               Options.ttl: 2592000
2021/11/07-15:49:29.021348 10f297e00          Options.periodic_compaction_seconds: 2592000
2021/11/07-15:49:29.021349 10f297e00                    Options.enable_blob_files: false
2021/11/07-15:49:29.021350 10f297e00                        Options.min_blob_size: 0
2021/11/07-15:49:29.021351 10f297e00                       Options.blob_file_size: 268435456
2021/11/07-15:49:29.021352 10f297e00                Options.blob_compression_type: NoCompression
2021/11/07-15:49:29.021353 10f297e00       Options.enable_blob_garbage_collection: false
2021/11/07-15:49:29.021353 10f297e00   Options.blob_garbage_collection_age_cutoff: 0.250000
2021/11/07-15:49:29.021387 10f297e00 [db/column_family.cc:597] --------------- Options for column family [dead_slots]:
2021/11/07-15:49:29.021389 10f297e00               Options.comparator: leveldb.BytewiseComparator
2021/11/07-15:49:29.021390 10f297e00           Options.merge_operator: None
2021/11/07-15:49:29.021391 10f297e00        Options.compaction_filter: None
2021/11/07-15:49:29.021392 10f297e00        Options.compaction_filter_factory: purged_slot_filter_factory(dead_slots)
2021/11/07-15:49:29.021393 10f297e00  Options.sst_partitioner_factory: None
2021/11/07-15:49:29.021393 10f297e00         Options.memtable_factory: SkipListFactory
2021/11/07-15:49:29.021394 10f297e00            Options.table_factory: BlockBasedTable
2021/11/07-15:49:29.021403 10f297e00            table_factory options:   flush_block_policy_factory: FlushBlockBySizePolicyFactory (0x7f8823c0e9e0)
  cache_index_and_filter_blocks: 0
  cache_index_and_filter_blocks_with_high_priority: 1
  pin_l0_filter_and_index_blocks_in_cache: 0
  pin_top_level_index_and_filter: 1
  index_type: 0
  data_block_index_type: 0
  index_shortening: 1
  data_block_hash_table_util_ratio: 0.750000
  hash_index_allow_collision: 1
  checksum: 1
  no_block_cache: 0
  block_cache: 0x7f8823c0ea28
  block_cache_name: LRUCache
  block_cache_options:
    capacity : 8388608
    num_shard_bits : 4
    strict_capacity_limit : 0
    memory_allocator : None
    high_pri_pool_ratio: 0.000
  block_cache_compressed: 0x0
  persistent_cache: 0x0
  block_size: 4096
  block_size_deviation: 10
  block_restart_interval: 16
  index_block_restart_interval: 1
  metadata_block_size: 4096
  partition_filters: 0
  use_delta_encoding: 1
  filter_policy: nullptr
  whole_key_filtering: 1
  verify_compression: 0
  read_amp_bytes_per_bit: 0
  format_version: 4
  enable_index_compression: 1
  block_align: 0
2021/11/07-15:49:29.021404 10f297e00        Options.write_buffer_size: 268435456
2021/11/07-15:49:29.021405 10f297e00  Options.max_write_buffer_number: 8
2021/11/07-15:49:29.021405 10f297e00          Options.compression: NoCompression
2021/11/07-15:49:29.021406 10f297e00                  Options.bottommost_compression: Disabled
2021/11/07-15:49:29.021407 10f297e00       Options.prefix_extractor: nullptr
2021/11/07-15:49:29.021420 10f297e00   Options.memtable_insert_with_hint_prefix_extractor: nullptr
2021/11/07-15:49:29.021422 10f297e00             Options.num_levels: 7
2021/11/07-15:49:29.021423 10f297e00        Options.min_write_buffer_number_to_merge: 1
2021/11/07-15:49:29.021423 10f297e00     Options.max_write_buffer_number_to_maintain: 0
2021/11/07-15:49:29.021424 10f297e00     Options.max_write_buffer_size_to_maintain: 0
2021/11/07-15:49:29.021425 10f297e00            Options.bottommost_compression_opts.window_bits: -14
2021/11/07-15:49:29.021426 10f297e00                  Options.bottommost_compression_opts.level: 32767
2021/11/07-15:49:29.021427 10f297e00               Options.bottommost_compression_opts.strategy: 0
2021/11/07-15:49:29.021428 10f297e00         Options.bottommost_compression_opts.max_dict_bytes: 0
2021/11/07-15:49:29.021429 10f297e00         Options.bottommost_compression_opts.zstd_max_train_bytes: 0
2021/11/07-15:49:29.021429 10f297e00         Options.bottommost_compression_opts.parallel_threads: 1
2021/11/07-15:49:29.021430 10f297e00                  Options.bottommost_compression_opts.enabled: false
2021/11/07-15:49:29.021431 10f297e00            Options.compression_opts.window_bits: -14
2021/11/07-15:49:29.021432 10f297e00                  Options.compression_opts.level: 32767
2021/11/07-15:49:29.021433 10f297e00               Options.compression_opts.strategy: 0
2021/11/07-15:49:29.021434 10f297e00         Options.compression_opts.max_dict_bytes: 0
2021/11/07-15:49:29.021435 10f297e00         Options.compression_opts.zstd_max_train_bytes: 0
2021/11/07-15:49:29.021435 10f297e00         Options.compression_opts.parallel_threads: 1
2021/11/07-15:49:29.021436 10f297e00                  Options.compression_opts.enabled: false
2021/11/07-15:49:29.021437 10f297e00      Options.level0_file_num_compaction_trigger: 4
2021/11/07-15:49:29.021438 10f297e00          Options.level0_slowdown_writes_trigger: 20
2021/11/07-15:49:29.021439 10f297e00              Options.level0_stop_writes_trigger: 36
2021/11/07-15:49:29.021440 10f297e00                   Options.target_file_size_base: 107374182
2021/11/07-15:49:29.021440 10f297e00             Options.target_file_size_multiplier: 1
2021/11/07-15:49:29.021441 10f297e00                Options.max_bytes_for_level_base: 1073741824
2021/11/07-15:49:29.021442 10f297e00 Options.level_compaction_dynamic_level_bytes: 0
2021/11/07-15:49:29.021443 10f297e00          Options.max_bytes_for_level_multiplier: 10.000000
2021/11/07-15:49:29.021444 10f297e00 Options.max_bytes_for_level_multiplier_addtl[0]: 1
2021/11/07-15:49:29.021445 10f297e00 Options.max_bytes_for_level_multiplier_addtl[1]: 1
2021/11/07-15:49:29.021446 10f297e00 Options.max_bytes_for_level_multiplier_addtl[2]: 1
2021/11/07-15:49:29.021447 10f297e00 Options.max_bytes_for_level_multiplier_addtl[3]: 1
2021/11/07-15:49:29.021447 10f297e00 Options.max_bytes_for_level_multiplier_addtl[4]: 1
2021/11/07-15:49:29.021448 10f297e00 Options.max_bytes_for_level_multiplier_addtl[5]: 1
2021/11/07-15:49:29.021449 10f297e00 Options.max_bytes_for_level_multiplier_addtl[6]: 1
2021/11/07-15:49:29.021450 10f297e00       Options.max_sequential_skip_in_iterations: 8
2021/11/07-15:49:29.021451 10f297e00                    Options.max_compaction_bytes: 2684354550
2021/11/07-15:49:29.021452 10f297e00                        Options.arena_block_size: 33554432
2021/11/07-15:49:29.021453 10f297e00   Options.soft_pending_compaction_bytes_limit: 68719476736
2021/11/07-15:49:29.021454 10f297e00   Options.hard_pending_compaction_bytes_limit: 274877906944
2021/11/07-15:49:29.021454 10f297e00       Options.rate_limit_delay_max_milliseconds: 100
2021/11/07-15:49:29.021455 10f297e00                Options.disable_auto_compactions: 0
2021/11/07-15:49:29.021456 10f297e00                        Options.compaction_style: kCompactionStyleLevel
2021/11/07-15:49:29.021457 10f297e00                          Options.compaction_pri: kMinOverlappingRatio
2021/11/07-15:49:29.021458 10f297e00 Options.compaction_options_universal.size_ratio: 1
2021/11/07-15:49:29.021459 10f297e00 Options.compaction_options_universal.min_merge_width: 2
2021/11/07-15:49:29.021470 10f297e00 Options.compaction_options_universal.max_merge_width: 4294967295
2021/11/07-15:49:29.021471 10f297e00 Options.compaction_options_universal.max_size_amplification_percent: 200
2021/11/07-15:49:29.021472 10f297e00 Options.compaction_options_universal.compression_size_percent: -1
2021/11/07-15:49:29.021473 10f297e00 Options.compaction_options_universal.stop_style: kCompactionStopStyleTotalSize
2021/11/07-15:49:29.021474 10f297e00 Options.compaction_options_fifo.max_table_files_size: 1073741824
2021/11/07-15:49:29.021475 10f297e00 Options.compaction_options_fifo.allow_compaction: 0
2021/11/07-15:49:29.021476 10f297e00                   Options.table_properties_collectors: 
2021/11/07-15:49:29.021477 10f297e00                   Options.inplace_update_support: 0
2021/11/07-15:49:29.021478 10f297e00                 Options.inplace_update_num_locks: 10000
2021/11/07-15:49:29.021478 10f297e00               Options.memtable_prefix_bloom_size_ratio: 0.000000
2021/11/07-15:49:29.021480 10f297e00               Options.memtable_whole_key_filtering: 0
2021/11/07-15:49:29.021480 10f297e00   Options.memtable_huge_page_size: 0
2021/11/07-15:49:29.021481 10f297e00                           Options.bloom_locality: 0
2021/11/07-15:49:29.021482 10f297e00                    Options.max_successive_merges: 0
2021/11/07-15:49:29.021483 10f297e00                Options.optimize_filters_for_hits: 0
2021/11/07-15:49:29.021484 10f297e00                Options.paranoid_file_checks: 0
2021/11/07-15:49:29.021485 10f297e00                Options.force_consistency_checks: 1
2021/11/07-15:49:29.021485 10f297e00                Options.report_bg_io_stats: 0
2021/11/07-15:49:29.021486 10f297e00                               Options.ttl: 2592000
2021/11/07-15:49:29.021487 10f297e00          Options.periodic_compaction_seconds: 2592000
2021/11/07-15:49:29.021488 10f297e00                    Options.enable_blob_files: false
2021/11/07-15:49:29.021489 10f297e00                        Options.min_blob_size: 0
2021/11/07-15:49:29.021490 10f297e00                       Options.blob_file_size: 268435456
2021/11/07-15:49:29.021490 10f297e00                Options.blob_compression_type: NoCompression
2021/11/07-15:49:29.021491 10f297e00       Options.enable_blob_garbage_collection: false
2021/11/07-15:49:29.021492 10f297e00   Options.blob_garbage_collection_age_cutoff: 0.250000
2021/11/07-15:49:29.021557 10f297e00 [db/column_family.cc:597] --------------- Options for column family [duplicate_slots]:
2021/11/07-15:49:29.021559 10f297e00               Options.comparator: leveldb.BytewiseComparator
2021/11/07-15:49:29.021560 10f297e00           Options.merge_operator: None
2021/11/07-15:49:29.021561 10f297e00        Options.compaction_filter: None
2021/11/07-15:49:29.021562 10f297e00        Options.compaction_filter_factory: purged_slot_filter_factory(duplicate_slots)
2021/11/07-15:49:29.021563 10f297e00  Options.sst_partitioner_factory: None
2021/11/07-15:49:29.021563 10f297e00         Options.memtable_factory: SkipListFactory
2021/11/07-15:49:29.021564 10f297e00            Options.table_factory: BlockBasedTable
2021/11/07-15:49:29.021572 10f297e00            table_factory options:   flush_block_policy_factory: FlushBlockBySizePolicyFactory (0x7f8823c0d6a0)
  cache_index_and_filter_blocks: 0
  cache_index_and_filter_blocks_with_high_priority: 1
  pin_l0_filter_and_index_blocks_in_cache: 0
  pin_top_level_index_and_filter: 1
  index_type: 0
  data_block_index_type: 0
  index_shortening: 1
  data_block_hash_table_util_ratio: 0.750000
  hash_index_allow_collision: 1
  checksum: 1
  no_block_cache: 0
  block_cache: 0x7f8823c0d6e8
  block_cache_name: LRUCache
  block_cache_options:
    capacity : 8388608
    num_shard_bits : 4
    strict_capacity_limit : 0
    memory_allocator : None
    high_pri_pool_ratio: 0.000
  block_cache_compressed: 0x0
  persistent_cache: 0x0
  block_size: 4096
  block_size_deviation: 10
  block_restart_interval: 16
  index_block_restart_interval: 1
  metadata_block_size: 4096
  partition_filters: 0
  use_delta_encoding: 1
  filter_policy: nullptr
  whole_key_filtering: 1
  verify_compression: 0
  read_amp_bytes_per_bit: 0
  format_version: 4
  enable_index_compression: 1
  block_align: 0
2021/11/07-15:49:29.021586 10f297e00        Options.write_buffer_size: 268435456
2021/11/07-15:49:29.021588 10f297e00  Options.max_write_buffer_number: 8
2021/11/07-15:49:29.021588 10f297e00          Options.compression: NoCompression
2021/11/07-15:49:29.021589 10f297e00                  Options.bottommost_compression: Disabled
2021/11/07-15:49:29.021590 10f297e00       Options.prefix_extractor: nullptr
2021/11/07-15:49:29.021591 10f297e00   Options.memtable_insert_with_hint_prefix_extractor: nullptr
2021/11/07-15:49:29.021592 10f297e00             Options.num_levels: 7
2021/11/07-15:49:29.021593 10f297e00        Options.min_write_buffer_number_to_merge: 1
2021/11/07-15:49:29.021594 10f297e00     Options.max_write_buffer_number_to_maintain: 0
2021/11/07-15:49:29.021594 10f297e00     Options.max_write_buffer_size_to_maintain: 0
2021/11/07-15:49:29.021595 10f297e00            Options.bottommost_compression_opts.window_bits: -14
2021/11/07-15:49:29.021596 10f297e00                  Options.bottommost_compression_opts.level: 32767
2021/11/07-15:49:29.021597 10f297e00               Options.bottommost_compression_opts.strategy: 0
2021/11/07-15:49:29.021598 10f297e00         Options.bottommost_compression_opts.max_dict_bytes: 0
2021/11/07-15:49:29.021599 10f297e00         Options.bottommost_compression_opts.zstd_max_train_bytes: 0
2021/11/07-15:49:29.021600 10f297e00         Options.bottommost_compression_opts.parallel_threads: 1
2021/11/07-15:49:29.021600 10f297e00                  Options.bottommost_compression_opts.enabled: false
2021/11/07-15:49:29.021601 10f297e00            Options.compression_opts.window_bits: -14
2021/11/07-15:49:29.021602 10f297e00                  Options.compression_opts.level: 32767
2021/11/07-15:49:29.021603 10f297e00               Options.compression_opts.strategy: 0
2021/11/07-15:49:29.021604 10f297e00         Options.compression_opts.max_dict_bytes: 0
2021/11/07-15:49:29.021605 10f297e00         Options.compression_opts.zstd_max_train_bytes: 0
2021/11/07-15:49:29.021605 10f297e00         Options.compression_opts.parallel_threads: 1
2021/11/07-15:49:29.021606 10f297e00                  Options.compression_opts.enabled: false
2021/11/07-15:49:29.021607 10f297e00      Options.level0_file_num_compaction_trigger: 4
2021/11/07-15:49:29.021608 10f297e00          Options.level0_slowdown_writes_trigger: 20
2021/11/07-15:49:29.021609 10f297e00              Options.level0_stop_writes_trigger: 36
2021/11/07-15:49:29.021610 10f297e00                   Options.target_file_size_base: 107374182
2021/11/07-15:49:29.021610 10f297e00             Options.target_file_size_multiplier: 1
2021/11/07-15:49:29.021611 10f297e00                Options.max_bytes_for_level_base: 1073741824
2021/11/07-15:49:29.021612 10f297e00 Options.level_compaction_dynamic_level_bytes: 0
