2021/11/07-15:49:28.631596 10f297e00 RocksDB version: 6.17.3
2021/11/07-15:49:28.631854 10f297e00 Git sha rocksdb_build_git_sha:@09c7e96eac1ab983f97ce9e0406730b8014b3398@
2021/11/07-15:49:28.631857 10f297e00 Compile date Oct 27 2021
2021/11/07-15:49:28.631882 10f297e00 DB SUMMARY
2021/11/07-15:49:28.631885 10f297e00 DB Session ID:  YEOKBHKNW93G9GLKAZCL
2021/11/07-15:49:28.631927 10f297e00 SST files in test-ledger/rocksdb dir, Total Num: 0, files: 
2021/11/07-15:49:28.631929 10f297e00 Write Ahead Log file in test-ledger/rocksdb: 
2021/11/07-15:49:28.631931 10f297e00                         Options.error_if_exists: 0
2021/11/07-15:49:28.631932 10f297e00                       Options.create_if_missing: 1
2021/11/07-15:49:28.631933 10f297e00                         Options.paranoid_checks: 1
2021/11/07-15:49:28.631934 10f297e00                               Options.track_and_verify_wals_in_manifest: 0
2021/11/07-15:49:28.631935 10f297e00                                     Options.env: 0x10ce83108
2021/11/07-15:49:28.631936 10f297e00                                      Options.fs: Posix File System
2021/11/07-15:49:28.631937 10f297e00                                Options.info_log: 0x7f8823d25960
2021/11/07-15:49:28.631938 10f297e00                Options.max_file_opening_threads: 16
2021/11/07-15:49:28.631939 10f297e00                              Options.statistics: 0x0
2021/11/07-15:49:28.631940 10f297e00                               Options.use_fsync: 0
2021/11/07-15:49:28.631940 10f297e00                       Options.max_log_file_size: 0
2021/11/07-15:49:28.631941 10f297e00                  Options.max_manifest_file_size: 1073741824
2021/11/07-15:49:28.631942 10f297e00                   Options.log_file_time_to_roll: 0
2021/11/07-15:49:28.631943 10f297e00                       Options.keep_log_file_num: 1000
2021/11/07-15:49:28.631944 10f297e00                    Options.recycle_log_file_num: 0
2021/11/07-15:49:28.631945 10f297e00                         Options.allow_fallocate: 1
2021/11/07-15:49:28.631945 10f297e00                        Options.allow_mmap_reads: 0
2021/11/07-15:49:28.631946 10f297e00                       Options.allow_mmap_writes: 0
2021/11/07-15:49:28.631947 10f297e00                        Options.use_direct_reads: 0
2021/11/07-15:49:28.631948 10f297e00                        Options.use_direct_io_for_flush_and_compaction: 0
2021/11/07-15:49:28.631949 10f297e00          Options.create_missing_column_families: 1
2021/11/07-15:49:28.631950 10f297e00                              Options.db_log_dir: 
2021/11/07-15:49:28.631950 10f297e00                                 Options.wal_dir: test-ledger/rocksdb
2021/11/07-15:49:28.631951 10f297e00                Options.table_cache_numshardbits: 6
2021/11/07-15:49:28.631952 10f297e00                         Options.WAL_ttl_seconds: 0
2021/11/07-15:49:28.631953 10f297e00                       Options.WAL_size_limit_MB: 0
2021/11/07-15:49:28.631954 10f297e00                        Options.max_write_batch_group_size_bytes: 1048576
2021/11/07-15:49:28.631955 10f297e00             Options.manifest_preallocation_size: 4194304
2021/11/07-15:49:28.631956 10f297e00                     Options.is_fd_close_on_exec: 1
2021/11/07-15:49:28.631956 10f297e00                   Options.advise_random_on_open: 1
2021/11/07-15:49:28.631957 10f297e00                    Options.db_write_buffer_size: 0
2021/11/07-15:49:28.631958 10f297e00                    Options.write_buffer_manager: 0x7f8823d258b0
2021/11/07-15:49:28.631959 10f297e00         Options.access_hint_on_compaction_start: 1
2021/11/07-15:49:28.631960 10f297e00  Options.new_table_reader_for_compaction_inputs: 0
2021/11/07-15:49:28.631960 10f297e00           Options.random_access_max_buffer_size: 1048576
2021/11/07-15:49:28.631961 10f297e00                      Options.use_adaptive_mutex: 0
2021/11/07-15:49:28.631962 10f297e00                            Options.rate_limiter: 0x0
2021/11/07-15:49:28.631963 10f297e00     Options.sst_file_manager.rate_bytes_per_sec: 0
2021/11/07-15:49:28.631964 10f297e00                       Options.wal_recovery_mode: 2
2021/11/07-15:49:28.631965 10f297e00                  Options.enable_thread_tracking: 0
2021/11/07-15:49:28.631984 10f297e00                  Options.enable_pipelined_write: 0
2021/11/07-15:49:28.631986 10f297e00                  Options.unordered_write: 0
2021/11/07-15:49:28.631987 10f297e00         Options.allow_concurrent_memtable_write: 1
2021/11/07-15:49:28.631988 10f297e00      Options.enable_write_thread_adaptive_yield: 1
2021/11/07-15:49:28.631988 10f297e00             Options.write_thread_max_yield_usec: 100
2021/11/07-15:49:28.631989 10f297e00            Options.write_thread_slow_yield_usec: 3
2021/11/07-15:49:28.631990 10f297e00                               Options.row_cache: None
2021/11/07-15:49:28.631991 10f297e00                              Options.wal_filter: None
2021/11/07-15:49:28.631992 10f297e00             Options.avoid_flush_during_recovery: 0
2021/11/07-15:49:28.631993 10f297e00             Options.allow_ingest_behind: 0
2021/11/07-15:49:28.631994 10f297e00             Options.preserve_deletes: 0
2021/11/07-15:49:28.631994 10f297e00             Options.two_write_queues: 0
2021/11/07-15:49:28.631995 10f297e00             Options.manual_wal_flush: 0
2021/11/07-15:49:28.631996 10f297e00             Options.atomic_flush: 0
2021/11/07-15:49:28.631997 10f297e00             Options.avoid_unnecessary_blocking_io: 0
2021/11/07-15:49:28.631998 10f297e00                 Options.persist_stats_to_disk: 0
2021/11/07-15:49:28.631999 10f297e00                 Options.write_dbid_to_manifest: 0
2021/11/07-15:49:28.631999 10f297e00                 Options.log_readahead_size: 0
2021/11/07-15:49:28.632000 10f297e00                 Options.file_checksum_gen_factory: Unknown
2021/11/07-15:49:28.632001 10f297e00                 Options.best_efforts_recovery: 0
2021/11/07-15:49:28.632002 10f297e00                Options.max_bgerror_resume_count: 2147483647
2021/11/07-15:49:28.632003 10f297e00            Options.bgerror_resume_retry_interval: 1000000
2021/11/07-15:49:28.632004 10f297e00             Options.allow_data_in_errors: 0
2021/11/07-15:49:28.632005 10f297e00             Options.db_host_id: __hostname__
2021/11/07-15:49:28.632006 10f297e00             Options.max_background_jobs: 16
2021/11/07-15:49:28.632006 10f297e00             Options.max_background_compactions: -1
2021/11/07-15:49:28.632007 10f297e00             Options.max_subcompactions: 1
2021/11/07-15:49:28.632008 10f297e00             Options.avoid_flush_during_shutdown: 0
2021/11/07-15:49:28.632009 10f297e00           Options.writable_file_max_buffer_size: 1048576
2021/11/07-15:49:28.632010 10f297e00             Options.delayed_write_rate : 16777216
2021/11/07-15:49:28.632011 10f297e00             Options.max_total_wal_size: 4294967296
2021/11/07-15:49:28.632012 10f297e00             Options.delete_obsolete_files_period_micros: 21600000000
2021/11/07-15:49:28.632013 10f297e00                   Options.stats_dump_period_sec: 600
2021/11/07-15:49:28.632013 10f297e00                 Options.stats_persist_period_sec: 600
2021/11/07-15:49:28.632014 10f297e00                 Options.stats_history_buffer_size: 1048576
2021/11/07-15:49:28.632015 10f297e00                          Options.max_open_files: -1
2021/11/07-15:49:28.632016 10f297e00                          Options.bytes_per_sync: 0
2021/11/07-15:49:28.632017 10f297e00                      Options.wal_bytes_per_sync: 0
2021/11/07-15:49:28.632018 10f297e00                   Options.strict_bytes_per_sync: 0
2021/11/07-15:49:28.632019 10f297e00       Options.compaction_readahead_size: 0
2021/11/07-15:49:28.632020 10f297e00                  Options.max_background_flushes: -1
2021/11/07-15:49:28.632020 10f297e00 Compression algorithms supported:
2021/11/07-15:49:28.632021 10f297e00 	kZSTD supported: 0
2021/11/07-15:49:28.632022 10f297e00 	kZlibCompression supported: 0
2021/11/07-15:49:28.632023 10f297e00 	kXpressCompression supported: 0
2021/11/07-15:49:28.632024 10f297e00 	kSnappyCompression supported: 0
2021/11/07-15:49:28.632025 10f297e00 	kZSTDNotFinalCompression supported: 0
2021/11/07-15:49:28.632026 10f297e00 	kLZ4HCCompression supported: 1
2021/11/07-15:49:28.632039 10f297e00 	kLZ4Compression supported: 1
2021/11/07-15:49:28.632041 10f297e00 	kBZip2Compression supported: 0
2021/11/07-15:49:28.632042 10f297e00 Fast CRC32 supported: Supported on x86
2021/11/07-15:49:28.632461 10f297e00 [db/db_impl/db_impl_open.cc:283] Creating manifest 1 
2021/11/07-15:49:28.633131 10f297e00 [db/version_set.cc:4757] Recovering from manifest file: test-ledger/rocksdb/MANIFEST-000001
2021/11/07-15:49:28.633202 10f297e00 [db/column_family.cc:597] --------------- Options for column family [default]:
2021/11/07-15:49:28.633206 10f297e00               Options.comparator: leveldb.BytewiseComparator
2021/11/07-15:49:28.633207 10f297e00           Options.merge_operator: None
2021/11/07-15:49:28.633208 10f297e00        Options.compaction_filter: None
2021/11/07-15:49:28.633209 10f297e00        Options.compaction_filter_factory: None
2021/11/07-15:49:28.633210 10f297e00  Options.sst_partitioner_factory: None
2021/11/07-15:49:28.633211 10f297e00         Options.memtable_factory: SkipListFactory
2021/11/07-15:49:28.633212 10f297e00            Options.table_factory: BlockBasedTable
2021/11/07-15:49:28.633226 10f297e00            table_factory options:   flush_block_policy_factory: FlushBlockBySizePolicyFactory (0x7f8823d16420)
  cache_index_and_filter_blocks: 0
  cache_index_and_filter_blocks_with_high_priority: 1
  pin_l0_filter_and_index_blocks_in_cache: 0
  pin_top_level_index_and_filter: 1
  index_type: 0
  data_block_index_type: 0
  index_shortening: 1
  data_block_hash_table_util_ratio: 0.750000
  hash_index_allow_collision: 1
  checksum: 1
  no_block_cache: 0
  block_cache: 0x7f8823d248a8
  block_cache_name: LRUCache
  block_cache_options:
    capacity : 8388608
    num_shard_bits : 4
    strict_capacity_limit : 0
    memory_allocator : None
    high_pri_pool_ratio: 0.000
  block_cache_compressed: 0x0
  persistent_cache: 0x0
  block_size: 4096
  block_size_deviation: 10
  block_restart_interval: 16
  index_block_restart_interval: 1
  metadata_block_size: 4096
  partition_filters: 0
  use_delta_encoding: 1
  filter_policy: nullptr
  whole_key_filtering: 1
  verify_compression: 0
  read_amp_bytes_per_bit: 0
  format_version: 4
  enable_index_compression: 1
  block_align: 0
2021/11/07-15:49:28.633230 10f297e00        Options.write_buffer_size: 67108864
2021/11/07-15:49:28.633231 10f297e00  Options.max_write_buffer_number: 2
2021/11/07-15:49:28.633234 10f297e00          Options.compression: NoCompression
2021/11/07-15:49:28.633235 10f297e00                  Options.bottommost_compression: Disabled
2021/11/07-15:49:28.633236 10f297e00       Options.prefix_extractor: nullptr
2021/11/07-15:49:28.633236 10f297e00   Options.memtable_insert_with_hint_prefix_extractor: nullptr
2021/11/07-15:49:28.633237 10f297e00             Options.num_levels: 7
2021/11/07-15:49:28.633238 10f297e00        Options.min_write_buffer_number_to_merge: 1
2021/11/07-15:49:28.633239 10f297e00     Options.max_write_buffer_number_to_maintain: 0
2021/11/07-15:49:28.633240 10f297e00     Options.max_write_buffer_size_to_maintain: 0
2021/11/07-15:49:28.633241 10f297e00            Options.bottommost_compression_opts.window_bits: -14
2021/11/07-15:49:28.633242 10f297e00                  Options.bottommost_compression_opts.level: 32767
2021/11/07-15:49:28.633243 10f297e00               Options.bottommost_compression_opts.strategy: 0
2021/11/07-15:49:28.633244 10f297e00         Options.bottommost_compression_opts.max_dict_bytes: 0
2021/11/07-15:49:28.633244 10f297e00         Options.bottommost_compression_opts.zstd_max_train_bytes: 0
2021/11/07-15:49:28.633245 10f297e00         Options.bottommost_compression_opts.parallel_threads: 1
2021/11/07-15:49:28.633246 10f297e00                  Options.bottommost_compression_opts.enabled: false
2021/11/07-15:49:28.633247 10f297e00            Options.compression_opts.window_bits: -14
2021/11/07-15:49:28.633248 10f297e00                  Options.compression_opts.level: 32767
2021/11/07-15:49:28.633249 10f297e00               Options.compression_opts.strategy: 0
2021/11/07-15:49:28.633250 10f297e00         Options.compression_opts.max_dict_bytes: 0
2021/11/07-15:49:28.633269 10f297e00         Options.compression_opts.zstd_max_train_bytes: 0
2021/11/07-15:49:28.633270 10f297e00         Options.compression_opts.parallel_threads: 1
2021/11/07-15:49:28.633271 10f297e00                  Options.compression_opts.enabled: false
2021/11/07-15:49:28.633272 10f297e00      Options.level0_file_num_compaction_trigger: 4
2021/11/07-15:49:28.633273 10f297e00          Options.level0_slowdown_writes_trigger: 20
2021/11/07-15:49:28.633274 10f297e00              Options.level0_stop_writes_trigger: 36
2021/11/07-15:49:28.633275 10f297e00                   Options.target_file_size_base: 67108864
2021/11/07-15:49:28.633276 10f297e00             Options.target_file_size_multiplier: 1
2021/11/07-15:49:28.633276 10f297e00                Options.max_bytes_for_level_base: 268435456
2021/11/07-15:49:28.633277 10f297e00 Options.level_compaction_dynamic_level_bytes: 0
2021/11/07-15:49:28.633278 10f297e00          Options.max_bytes_for_level_multiplier: 10.000000
2021/11/07-15:49:28.633280 10f297e00 Options.max_bytes_for_level_multiplier_addtl[0]: 1
2021/11/07-15:49:28.633281 10f297e00 Options.max_bytes_for_level_multiplier_addtl[1]: 1
2021/11/07-15:49:28.633281 10f297e00 Options.max_bytes_for_level_multiplier_addtl[2]: 1
2021/11/07-15:49:28.633282 10f297e00 Options.max_bytes_for_level_multiplier_addtl[3]: 1
2021/11/07-15:49:28.633283 10f297e00 Options.max_bytes_for_level_multiplier_addtl[4]: 1
2021/11/07-15:49:28.633284 10f297e00 Options.max_bytes_for_level_multiplier_addtl[5]: 1
2021/11/07-15:49:28.633285 10f297e00 Options.max_bytes_for_level_multiplier_addtl[6]: 1
2021/11/07-15:49:28.633286 10f297e00       Options.max_sequential_skip_in_iterations: 8
2021/11/07-15:49:28.633287 10f297e00                    Options.max_compaction_bytes: 1677721600
2021/11/07-15:49:28.633287 10f297e00                        Options.arena_block_size: 8388608
2021/11/07-15:49:28.633288 10f297e00   Options.soft_pending_compaction_bytes_limit: 68719476736
2021/11/07-15:49:28.633289 10f297e00   Options.hard_pending_compaction_bytes_limit: 274877906944
2021/11/07-15:49:28.633290 10f297e00       Options.rate_limit_delay_max_milliseconds: 100
2021/11/07-15:49:28.633291 10f297e00                Options.disable_auto_compactions: 0
2021/11/07-15:49:28.633292 10f297e00                        Options.compaction_style: kCompactionStyleLevel
2021/11/07-15:49:28.633293 10f297e00                          Options.compaction_pri: kMinOverlappingRatio
2021/11/07-15:49:28.633294 10f297e00 Options.compaction_options_universal.size_ratio: 1
2021/11/07-15:49:28.633295 10f297e00 Options.compaction_options_universal.min_merge_width: 2
2021/11/07-15:49:28.633296 10f297e00 Options.compaction_options_universal.max_merge_width: 4294967295
2021/11/07-15:49:28.633297 10f297e00 Options.compaction_options_universal.max_size_amplification_percent: 200
2021/11/07-15:49:28.633297 10f297e00 Options.compaction_options_universal.compression_size_percent: -1
2021/11/07-15:49:28.633299 10f297e00 Options.compaction_options_universal.stop_style: kCompactionStopStyleTotalSize
2021/11/07-15:49:28.633300 10f297e00 Options.compaction_options_fifo.max_table_files_size: 1073741824
2021/11/07-15:49:28.633301 10f297e00 Options.compaction_options_fifo.allow_compaction: 0
2021/11/07-15:49:28.633305 10f297e00                   Options.table_properties_collectors: 
2021/11/07-15:49:28.633307 10f297e00                   Options.inplace_update_support: 0
2021/11/07-15:49:28.633307 10f297e00                 Options.inplace_update_num_locks: 10000
2021/11/07-15:49:28.633308 10f297e00               Options.memtable_prefix_bloom_size_ratio: 0.000000
2021/11/07-15:49:28.633309 10f297e00               Options.memtable_whole_key_filtering: 0
2021/11/07-15:49:28.633310 10f297e00   Options.memtable_huge_page_size: 0
2021/11/07-15:49:28.633311 10f297e00                           Options.bloom_locality: 0
2021/11/07-15:49:28.633312 10f297e00                    Options.max_successive_merges: 0
2021/11/07-15:49:28.633313 10f297e00                Options.optimize_filters_for_hits: 0
2021/11/07-15:49:28.633326 10f297e00                Options.paranoid_file_checks: 0
2021/11/07-15:49:28.633327 10f297e00                Options.force_consistency_checks: 1
2021/11/07-15:49:28.633328 10f297e00                Options.report_bg_io_stats: 0
2021/11/07-15:49:28.633328 10f297e00                               Options.ttl: 2592000
2021/11/07-15:49:28.633329 10f297e00          Options.periodic_compaction_seconds: 0
2021/11/07-15:49:28.633330 10f297e00                    Options.enable_blob_files: false
2021/11/07-15:49:28.633331 10f297e00                        Options.min_blob_size: 0
2021/11/07-15:49:28.633332 10f297e00                       Options.blob_file_size: 268435456
2021/11/07-15:49:28.633333 10f297e00                Options.blob_compression_type: NoCompression
2021/11/07-15:49:28.633334 10f297e00       Options.enable_blob_garbage_collection: false
2021/11/07-15:49:28.633335 10f297e00   Options.blob_garbage_collection_age_cutoff: 0.250000
2021/11/07-15:49:28.633680 10f297e00 [db/version_set.cc:4805] Recovered from manifest file:test-ledger/rocksdb/MANIFEST-000001 succeeded,manifest_file_number is 1, next_file_number is 3, last_sequence is 0, log_number is 0,prev_log_number is 0,max_column_family is 0,min_log_number_to_keep is 0
2021/11/07-15:49:28.633683 10f297e00 [db/version_set.cc:4814] Column family [default] (ID 0), log number is 0
2021/11/07-15:49:28.633776 10f297e00 [db/version_set.cc:4111] Creating manifest 3
2021/11/07-15:49:28.634510 10f297e00 [db/column_family.cc:597] --------------- Options for column family [meta]:
2021/11/07-15:49:28.634514 10f297e00               Options.comparator: leveldb.BytewiseComparator
2021/11/07-15:49:28.634515 10f297e00           Options.merge_operator: None
2021/11/07-15:49:28.634516 10f297e00        Options.compaction_filter: None
2021/11/07-15:49:28.634519 10f297e00        Options.compaction_filter_factory: purged_slot_filter_factory(meta)
2021/11/07-15:49:28.634520 10f297e00  Options.sst_partitioner_factory: None
2021/11/07-15:49:28.634521 10f297e00         Options.memtable_factory: SkipListFactory
2021/11/07-15:49:28.634522 10f297e00            Options.table_factory: BlockBasedTable
2021/11/07-15:49:28.634534 10f297e00            table_factory options:   flush_block_policy_factory: FlushBlockBySizePolicyFactory (0x7f8823d15a90)
  cache_index_and_filter_blocks: 0
  cache_index_and_filter_blocks_with_high_priority: 1
  pin_l0_filter_and_index_blocks_in_cache: 0
  pin_top_level_index_and_filter: 1
  index_type: 0
  data_block_index_type: 0
  index_shortening: 1
  data_block_hash_table_util_ratio: 0.750000
  hash_index_allow_collision: 1
  checksum: 1
  no_block_cache: 0
  block_cache: 0x7f8823d15ad8
  block_cache_name: LRUCache
  block_cache_options:
    capacity : 8388608
    num_shard_bits : 4
    strict_capacity_limit : 0
    memory_allocator : None
    high_pri_pool_ratio: 0.000
  block_cache_compressed: 0x0
  persistent_cache: 0x0
  block_size: 4096
  block_size_deviation: 10
  block_restart_interval: 16
  index_block_restart_interval: 1
  metadata_block_size: 4096
  partition_filters: 0
  use_delta_encoding: 1
  filter_policy: nullptr
  whole_key_filtering: 1
  verify_compression: 0
  read_amp_bytes_per_bit: 0
  format_version: 4
  enable_index_compression: 1
  block_align: 0
2021/11/07-15:49:28.634536 10f297e00        Options.write_buffer_size: 268435456
2021/11/07-15:49:28.634537 10f297e00  Options.max_write_buffer_number: 8
2021/11/07-15:49:28.634538 10f297e00          Options.compression: NoCompression
2021/11/07-15:49:28.634539 10f297e00                  Options.bottommost_compression: Disabled
2021/11/07-15:49:28.634540 10f297e00       Options.prefix_extractor: nullptr
2021/11/07-15:49:28.634540 10f297e00   Options.memtable_insert_with_hint_prefix_extractor: nullptr
2021/11/07-15:49:28.634541 10f297e00             Options.num_levels: 7
2021/11/07-15:49:28.634542 10f297e00        Options.min_write_buffer_number_to_merge: 1
2021/11/07-15:49:28.634543 10f297e00     Options.max_write_buffer_number_to_maintain: 0
2021/11/07-15:49:28.634544 10f297e00     Options.max_write_buffer_size_to_maintain: 0
2021/11/07-15:49:28.634545 10f297e00            Options.bottommost_compression_opts.window_bits: -14
2021/11/07-15:49:28.634546 10f297e00                  Options.bottommost_compression_opts.level: 32767
2021/11/07-15:49:28.634547 10f297e00               Options.bottommost_compression_opts.strategy: 0
2021/11/07-15:49:28.634548 10f297e00         Options.bottommost_compression_opts.max_dict_bytes: 0
2021/11/07-15:49:28.634548 10f297e00         Options.bottommost_compression_opts.zstd_max_train_bytes: 0
2021/11/07-15:49:28.634549 10f297e00         Options.bottommost_compression_opts.parallel_threads: 1
2021/11/07-15:49:28.634550 10f297e00                  Options.bottommost_compression_opts.enabled: false
2021/11/07-15:49:28.634551 10f297e00            Options.compression_opts.window_bits: -14
2021/11/07-15:49:28.634552 10f297e00                  Options.compression_opts.level: 32767
2021/11/07-15:49:28.634553 10f297e00               Options.compression_opts.strategy: 0
2021/11/07-15:49:28.634554 10f297e00         Options.compression_opts.max_dict_bytes: 0
2021/11/07-15:49:28.634555 10f297e00         Options.compression_opts.zstd_max_train_bytes: 0
2021/11/07-15:49:28.634555 10f297e00         Options.compression_opts.parallel_threads: 1
2021/11/07-15:49:28.634556 10f297e00                  Options.compression_opts.enabled: false
2021/11/07-15:49:28.634557 10f297e00      Options.level0_file_num_compaction_trigger: 4
2021/11/07-15:49:28.634574 10f297e00          Options.level0_slowdown_writes_trigger: 20
2021/11/07-15:49:28.634575 10f297e00              Options.level0_stop_writes_trigger: 36
2021/11/07-15:49:28.634576 10f297e00                   Options.target_file_size_base: 107374182
2021/11/07-15:49:28.634577 10f297e00             Options.target_file_size_multiplier: 1
2021/11/07-15:49:28.634578 10f297e00                Options.max_bytes_for_level_base: 1073741824
2021/11/07-15:49:28.634579 10f297e00 Options.level_compaction_dynamic_level_bytes: 0
2021/11/07-15:49:28.634579 10f297e00          Options.max_bytes_for_level_multiplier: 10.000000
2021/11/07-15:49:28.634581 10f297e00 Options.max_bytes_for_level_multiplier_addtl[0]: 1
2021/11/07-15:49:28.634582 10f297e00 Options.max_bytes_for_level_multiplier_addtl[1]: 1
2021/11/07-15:49:28.634583 10f297e00 Options.max_bytes_for_level_multiplier_addtl[2]: 1
2021/11/07-15:49:28.634584 10f297e00 Options.max_bytes_for_level_multiplier_addtl[3]: 1
2021/11/07-15:49:28.634584 10f297e00 Options.max_bytes_for_level_multiplier_addtl[4]: 1
2021/11/07-15:49:28.634585 10f297e00 Options.max_bytes_for_level_multiplier_addtl[5]: 1
2021/11/07-15:49:28.634586 10f297e00 Options.max_bytes_for_level_multiplier_addtl[6]: 1
2021/11/07-15:49:28.634587 10f297e00       Options.max_sequential_skip_in_iterations: 8
2021/11/07-15:49:28.634588 10f297e00                    Options.max_compaction_bytes: 2684354550
2021/11/07-15:49:28.634589 10f297e00                        Options.arena_block_size: 33554432
2021/11/07-15:49:28.634590 10f297e00   Options.soft_pending_compaction_bytes_limit: 68719476736
2021/11/07-15:49:28.634590 10f297e00   Options.hard_pending_compaction_bytes_limit: 274877906944
2021/11/07-15:49:28.634591 10f297e00       Options.rate_limit_delay_max_milliseconds: 100
2021/11/07-15:49:28.634592 10f297e00                Options.disable_auto_compactions: 0
2021/11/07-15:49:28.634593 10f297e00                        Options.compaction_style: kCompactionStyleLevel
2021/11/07-15:49:28.634594 10f297e00                          Options.compaction_pri: kMinOverlappingRatio
2021/11/07-15:49:28.634595 10f297e00 Options.compaction_options_universal.size_ratio: 1
2021/11/07-15:49:28.634596 10f297e00 Options.compaction_options_universal.min_merge_width: 2
2021/11/07-15:49:28.634597 10f297e00 Options.compaction_options_universal.max_merge_width: 4294967295
2021/11/07-15:49:28.634598 10f297e00 Options.compaction_options_universal.max_size_amplification_percent: 200
2021/11/07-15:49:28.634599 10f297e00 Options.compaction_options_universal.compression_size_percent: -1
2021/11/07-15:49:28.634600 10f297e00 Options.compaction_options_universal.stop_style: kCompactionStopStyleTotalSize
2021/11/07-15:49:28.634601 10f297e00 Options.compaction_options_fifo.max_table_files_size: 1073741824
2021/11/07-15:49:28.634601 10f297e00 Options.compaction_options_fifo.allow_compaction: 0
2021/11/07-15:49:28.634603 10f297e00                   Options.table_properties_collectors: 
2021/11/07-15:49:28.634604 10f297e00                   Options.inplace_update_support: 0
2021/11/07-15:49:28.634605 10f297e00                 Options.inplace_update_num_locks: 10000
2021/11/07-15:49:28.634605 10f297e00               Options.memtable_prefix_bloom_size_ratio: 0.000000
2021/11/07-15:49:28.634606 10f297e00               Options.memtable_whole_key_filtering: 0
2021/11/07-15:49:28.634607 10f297e00   Options.memtable_huge_page_size: 0
2021/11/07-15:49:28.634608 10f297e00                           Options.bloom_locality: 0
2021/11/07-15:49:28.634609 10f297e00                    Options.max_successive_merges: 0
2021/11/07-15:49:28.634610 10f297e00                Options.optimize_filters_for_hits: 0
2021/11/07-15:49:28.634611 10f297e00                Options.paranoid_file_checks: 0
2021/11/07-15:49:28.634612 10f297e00                Options.force_consistency_checks: 1
2021/11/07-15:49:28.634612 10f297e00                Options.report_bg_io_stats: 0
2021/11/07-15:49:28.634613 10f297e00                               Options.ttl: 2592000
2021/11/07-15:49:28.634625 10f297e00          Options.periodic_compaction_seconds: 2592000
2021/11/07-15:49:28.634627 10f297e00                    Options.enable_blob_files: false
2021/11/07-15:49:28.634628 10f297e00                        Options.min_blob_size: 0
2021/11/07-15:49:28.634629 10f297e00                       Options.blob_file_size: 268435456
2021/11/07-15:49:28.634629 10f297e00                Options.blob_compression_type: NoCompression
2021/11/07-15:49:28.634630 10f297e00       Options.enable_blob_garbage_collection: false
2021/11/07-15:49:28.634631 10f297e00   Options.blob_garbage_collection_age_cutoff: 0.250000
2021/11/07-15:49:28.634668 10f297e00 [db/db_impl/db_impl.cc:2658] Created column family [meta] (ID 1)
2021/11/07-15:49:28.636504 10f297e00 [db/column_family.cc:597] --------------- Options for column family [dead_slots]:
2021/11/07-15:49:28.636509 10f297e00               Options.comparator: leveldb.BytewiseComparator
2021/11/07-15:49:28.636510 10f297e00           Options.merge_operator: None
2021/11/07-15:49:28.636512 10f297e00        Options.compaction_filter: None
2021/11/07-15:49:28.636513 10f297e00        Options.compaction_filter_factory: purged_slot_filter_factory(dead_slots)
2021/11/07-15:49:28.636514 10f297e00  Options.sst_partitioner_factory: None
2021/11/07-15:49:28.636514 10f297e00         Options.memtable_factory: SkipListFactory
2021/11/07-15:49:28.636515 10f297e00            Options.table_factory: BlockBasedTable
2021/11/07-15:49:28.636529 10f297e00            table_factory options:   flush_block_policy_factory: FlushBlockBySizePolicyFactory (0x7f8823d16740)
  cache_index_and_filter_blocks: 0
  cache_index_and_filter_blocks_with_high_priority: 1
  pin_l0_filter_and_index_blocks_in_cache: 0
  pin_top_level_index_and_filter: 1
  index_type: 0
  data_block_index_type: 0
  index_shortening: 1
  data_block_hash_table_util_ratio: 0.750000
  hash_index_allow_collision: 1
  checksum: 1
  no_block_cache: 0
  block_cache: 0x7f8823d16788
  block_cache_name: LRUCache
  block_cache_options:
    capacity : 8388608
    num_shard_bits : 4
    strict_capacity_limit : 0
    memory_allocator : None
    high_pri_pool_ratio: 0.000
  block_cache_compressed: 0x0
  persistent_cache: 0x0
  block_size: 4096
  block_size_deviation: 10
  block_restart_interval: 16
  index_block_restart_interval: 1
  metadata_block_size: 4096
  partition_filters: 0
  use_delta_encoding: 1
  filter_policy: nullptr
  whole_key_filtering: 1
  verify_compression: 0
  read_amp_bytes_per_bit: 0
  format_version: 4
  enable_index_compression: 1
  block_align: 0
2021/11/07-15:49:28.636531 10f297e00        Options.write_buffer_size: 268435456
2021/11/07-15:49:28.636532 10f297e00  Options.max_write_buffer_number: 8
2021/11/07-15:49:28.636532 10f297e00          Options.compression: NoCompression
2021/11/07-15:49:28.636533 10f297e00                  Options.bottommost_compression: Disabled
2021/11/07-15:49:28.636534 10f297e00       Options.prefix_extractor: nullptr
2021/11/07-15:49:28.636535 10f297e00   Options.memtable_insert_with_hint_prefix_extractor: nullptr
2021/11/07-15:49:28.636536 10f297e00             Options.num_levels: 7
2021/11/07-15:49:28.636537 10f297e00        Options.min_write_buffer_number_to_merge: 1
2021/11/07-15:49:28.636538 10f297e00     Options.max_write_buffer_number_to_maintain: 0
2021/11/07-15:49:28.636539 10f297e00     Options.max_write_buffer_size_to_maintain: 0
2021/11/07-15:49:28.636540 10f297e00            Options.bottommost_compression_opts.window_bits: -14
2021/11/07-15:49:28.636541 10f297e00                  Options.bottommost_compression_opts.level: 32767
2021/11/07-15:49:28.636541 10f297e00               Options.bottommost_compression_opts.strategy: 0
2021/11/07-15:49:28.636542 10f297e00         Options.bottommost_compression_opts.max_dict_bytes: 0
2021/11/07-15:49:28.636543 10f297e00         Options.bottommost_compression_opts.zstd_max_train_bytes: 0
2021/11/07-15:49:28.636544 10f297e00         Options.bottommost_compression_opts.parallel_threads: 1
2021/11/07-15:49:28.636545 10f297e00                  Options.bottommost_compression_opts.enabled: false
2021/11/07-15:49:28.636546 10f297e00            Options.compression_opts.window_bits: -14
2021/11/07-15:49:28.636547 10f297e00                  Options.compression_opts.level: 32767
2021/11/07-15:49:28.636548 10f297e00               Options.compression_opts.strategy: 0
2021/11/07-15:49:28.636548 10f297e00         Options.compression_opts.max_dict_bytes: 0
2021/11/07-15:49:28.636549 10f297e00         Options.compression_opts.zstd_max_train_bytes: 0
2021/11/07-15:49:28.636550 10f297e00         Options.compression_opts.parallel_threads: 1
2021/11/07-15:49:28.636551 10f297e00                  Options.compression_opts.enabled: false
2021/11/07-15:49:28.636552 10f297e00      Options.level0_file_num_compaction_trigger: 4
2021/11/07-15:49:28.636570 10f297e00          Options.level0_slowdown_writes_trigger: 20
2021/11/07-15:49:28.636572 10f297e00              Options.level0_stop_writes_trigger: 36
2021/11/07-15:49:28.636572 10f297e00                   Options.target_file_size_base: 107374182
2021/11/07-15:49:28.636573 10f297e00             Options.target_file_size_multiplier: 1
2021/11/07-15:49:28.636574 10f297e00                Options.max_bytes_for_level_base: 1073741824
2021/11/07-15:49:28.636575 10f297e00 Options.level_compaction_dynamic_level_bytes: 0
2021/11/07-15:49:28.636576 10f297e00          Options.max_bytes_for_level_multiplier: 10.000000
2021/11/07-15:49:28.636577 10f297e00 Options.max_bytes_for_level_multiplier_addtl[0]: 1
2021/11/07-15:49:28.636578 10f297e00 Options.max_bytes_for_level_multiplier_addtl[1]: 1
2021/11/07-15:49:28.636579 10f297e00 Options.max_bytes_for_level_multiplier_addtl[2]: 1
2021/11/07-15:49:28.636580 10f297e00 Options.max_bytes_for_level_multiplier_addtl[3]: 1
2021/11/07-15:49:28.636581 10f297e00 Options.max_bytes_for_level_multiplier_addtl[4]: 1
2021/11/07-15:49:28.636582 10f297e00 Options.max_bytes_for_level_multiplier_addtl[5]: 1
2021/11/07-15:49:28.636583 10f297e00 Options.max_bytes_for_level_multiplier_addtl[6]: 1
2021/11/07-15:49:28.636583 10f297e00       Options.max_sequential_skip_in_iterations: 8
2021/11/07-15:49:28.636584 10f297e00                    Options.max_compaction_bytes: 2684354550
2021/11/07-15:49:28.636585 10f297e00                        Options.arena_block_size: 33554432
2021/11/07-15:49:28.636586 10f297e00   Options.soft_pending_compaction_bytes_limit: 68719476736
2021/11/07-15:49:28.636587 10f297e00   Options.hard_pending_compaction_bytes_limit: 274877906944
2021/11/07-15:49:28.636588 10f297e00       Options.rate_limit_delay_max_milliseconds: 100
2021/11/07-15:49:28.636589 10f297e00                Options.disable_auto_compactions: 0
2021/11/07-15:49:28.636590 10f297e00                        Options.compaction_style: kCompactionStyleLevel
2021/11/07-15:49:28.636591 10f297e00                          Options.compaction_pri: kMinOverlappingRatio
2021/11/07-15:49:28.636592 10f297e00 Options.compaction_options_universal.size_ratio: 1
2021/11/07-15:49:28.636592 10f297e00 Options.compaction_options_universal.min_merge_width: 2
2021/11/07-15:49:28.636593 10f297e00 Options.compaction_options_universal.max_merge_width: 4294967295
2021/11/07-15:49:28.636594 10f297e00 Options.compaction_options_universal.max_size_amplification_percent: 200
2021/11/07-15:49:28.636595 10f297e00 Options.compaction_options_universal.compression_size_percent: -1
2021/11/07-15:49:28.636596 10f297e00 Options.compaction_options_universal.stop_style: kCompactionStopStyleTotalSize
2021/11/07-15:49:28.636597 10f297e00 Options.compaction_options_fifo.max_table_files_size: 1073741824
2021/11/07-15:49:28.636598 10f297e00 Options.compaction_options_fifo.allow_compaction: 0
2021/11/07-15:49:28.636599 10f297e00                   Options.table_properties_collectors: 
2021/11/07-15:49:28.636600 10f297e00                   Options.inplace_update_support: 0
2021/11/07-15:49:28.636601 10f297e00                 Options.inplace_update_num_locks: 10000
2021/11/07-15:49:28.636602 10f297e00               Options.memtable_prefix_bloom_size_ratio: 0.000000
2021/11/07-15:49:28.636603 10f297e00               Options.memtable_whole_key_filtering: 0
2021/11/07-15:49:28.636604 10f297e00   Options.memtable_huge_page_size: 0
2021/11/07-15:49:28.636605 10f297e00                           Options.bloom_locality: 0
2021/11/07-15:49:28.636606 10f297e00                    Options.max_successive_merges: 0
2021/11/07-15:49:28.636606 10f297e00                Options.optimize_filters_for_hits: 0
2021/11/07-15:49:28.636607 10f297e00                Options.paranoid_file_checks: 0
2021/11/07-15:49:28.636608 10f297e00                Options.force_consistency_checks: 1
2021/11/07-15:49:28.636609 10f297e00                Options.report_bg_io_stats: 0
2021/11/07-15:49:28.636610 10f297e00                               Options.ttl: 2592000
2021/11/07-15:49:28.636623 10f297e00          Options.periodic_compaction_seconds: 2592000
2021/11/07-15:49:28.636624 10f297e00                    Options.enable_blob_files: false
2021/11/07-15:49:28.636625 10f297e00                        Options.min_blob_size: 0
2021/11/07-15:49:28.636626 10f297e00                       Options.blob_file_size: 268435456
2021/11/07-15:49:28.636627 10f297e00                Options.blob_compression_type: NoCompression
2021/11/07-15:49:28.636628 10f297e00       Options.enable_blob_garbage_collection: false
2021/11/07-15:49:28.636629 10f297e00   Options.blob_garbage_collection_age_cutoff: 0.250000
2021/11/07-15:49:28.636665 10f297e00 [db/db_impl/db_impl.cc:2658] Created column family [dead_slots] (ID 2)
2021/11/07-15:49:28.638919 10f297e00 [db/column_family.cc:597] --------------- Options for column family [duplicate_slots]:
2021/11/07-15:49:28.638924 10f297e00               Options.comparator: leveldb.BytewiseComparator
2021/11/07-15:49:28.638925 10f297e00           Options.merge_operator: None
2021/11/07-15:49:28.638926 10f297e00        Options.compaction_filter: None
2021/11/07-15:49:28.638927 10f297e00        Options.compaction_filter_factory: purged_slot_filter_factory(duplicate_slots)
2021/11/07-15:49:28.638928 10f297e00  Options.sst_partitioner_factory: None
2021/11/07-15:49:28.638929 10f297e00         Options.memtable_factory: SkipListFactory
2021/11/07-15:49:28.638930 10f297e00            Options.table_factory: BlockBasedTable
2021/11/07-15:49:28.638943 10f297e00            table_factory options:   flush_block_policy_factory: FlushBlockBySizePolicyFactory (0x7f8823d173a0)
  cache_index_and_filter_blocks: 0
  cache_index_and_filter_blocks_with_high_priority: 1
  pin_l0_filter_and_index_blocks_in_cache: 0
  pin_top_level_index_and_filter: 1
  index_type: 0
  data_block_index_type: 0
  index_shortening: 1
  data_block_hash_table_util_ratio: 0.750000
  hash_index_allow_collision: 1
  checksum: 1
  no_block_cache: 0
  block_cache: 0x7f8823d173e8
  block_cache_name: LRUCache
  block_cache_options:
    capacity : 8388608
    num_shard_bits : 4
    strict_capacity_limit : 0
    memory_allocator : None
    high_pri_pool_ratio: 0.000
  block_cache_compressed: 0x0
  persistent_cache: 0x0
  block_size: 4096
  block_size_deviation: 10
  block_restart_interval: 16
  index_block_restart_interval: 1
  metadata_block_size: 4096
  partition_filters: 0
  use_delta_encoding: 1
  filter_policy: nullptr
  whole_key_filtering: 1
  verify_compression: 0
  read_amp_bytes_per_bit: 0
  format_version: 4
  enable_index_compression: 1
  block_align: 0
2021/11/07-15:49:28.638946 10f297e00        Options.write_buffer_size: 268435456
2021/11/07-15:49:28.638947 10f297e00  Options.max_write_buffer_number: 8
2021/11/07-15:49:28.638948 10f297e00          Options.compression: NoCompression
2021/11/07-15:49:28.638949 10f297e00                  Options.bottommost_compression: Disabled
2021/11/07-15:49:28.638950 10f297e00       Options.prefix_extractor: nullptr
2021/11/07-15:49:28.638951 10f297e00   Options.memtable_insert_with_hint_prefix_extractor: nullptr
2021/11/07-15:49:28.638952 10f297e00             Options.num_levels: 7
2021/11/07-15:49:28.638953 10f297e00        Options.min_write_buffer_number_to_merge: 1
2021/11/07-15:49:28.638953 10f297e00     Options.max_write_buffer_number_to_maintain: 0
2021/11/07-15:49:28.638954 10f297e00     Options.max_write_buffer_size_to_maintain: 0
2021/11/07-15:49:28.638955 10f297e00            Options.bottommost_compression_opts.window_bits: -14
2021/11/07-15:49:28.638956 10f297e00                  Options.bottommost_compression_opts.level: 32767
2021/11/07-15:49:28.638957 10f297e00               Options.bottommost_compression_opts.strategy: 0
2021/11/07-15:49:28.638958 10f297e00         Options.bottommost_compression_opts.max_dict_bytes: 0
2021/11/07-15:49:28.638959 10f297e00         Options.bottommost_compression_opts.zstd_max_train_bytes: 0
2021/11/07-15:49:28.638960 10f297e00         Options.bottommost_compression_opts.parallel_threads: 1
2021/11/07-15:49:28.638961 10f297e00                  Options.bottommost_compression_opts.enabled: false
2021/11/07-15:49:28.638962 10f297e00            Options.compression_opts.window_bits: -14
2021/11/07-15:49:28.638962 10f297e00                  Options.compression_opts.level: 32767
2021/11/07-15:49:28.638963 10f297e00               Options.compression_opts.strategy: 0
2021/11/07-15:49:28.638964 10f297e00         Options.compression_opts.max_dict_bytes: 0
2021/11/07-15:49:28.638965 10f297e00         Options.compression_opts.zstd_max_train_bytes: 0
2021/11/07-15:49:28.638966 10f297e00         Options.compression_opts.parallel_threads: 1
2021/11/07-15:49:28.638967 10f297e00                  Options.compression_opts.enabled: false
